# log10(M/Msun), Ratios for r<[17.0, 18.0, 19.0, 20.0, 21.0, 22.0, 23.0, 24.0, 25.0] 
8.550000000000000711e+00 -9.900000000000000000e+01 -9.900000000000000000e+01 -9.900000000000000000e+01 -9.900000000000000000e+01 -9.900000000000000000e+01 -9.900000000000000000e+01 -9.900000000000000000e+01 4.914004914004913883e-03 1.000000000000000000e+00
8.650000000000000355e+00 -9.900000000000000000e+01 -9.900000000000000000e+01 -9.900000000000000000e+01 -9.900000000000000000e+01 -9.900000000000000000e+01 -9.900000000000000000e+01 -9.900000000000000000e+01 3.130870381966186552e-03 1.000000000000000000e+00
8.750000000000000000e+00 -9.900000000000000000e+01 -9.900000000000000000e+01 -9.900000000000000000e+01 -9.900000000000000000e+01 -9.900000000000000000e+01 -9.900000000000000000e+01 -9.900000000000000000e+01 3.033750474023511404e-03 9.998103905953735770e-01
8.849999999999999645e+00 -9.900000000000000000e+01 -9.900000000000000000e+01 -9.900000000000000000e+01 -9.900000000000000000e+01 -9.900000000000000000e+01 -9.900000000000000000e+01 2.238805970149253754e-04 4.626865671641790766e-03 1.000000000000000000e+00
8.949999999999999289e+00 -9.900000000000000000e+01 -9.900000000000000000e+01 -9.900000000000000000e+01 -9.900000000000000000e+01 -9.900000000000000000e+01 -9.900000000000000000e+01 1.454175300832515245e-04 7.379939651725015391e-03 1.000000000000000000e+00
9.049999999999998934e+00 -9.900000000000000000e+01 -9.900000000000000000e+01 -9.900000000000000000e+01 -9.900000000000000000e+01 -9.900000000000000000e+01 -9.900000000000000000e+01 1.126050041663851563e-04 2.083192577078125246e-02 1.000000000000000000e+00
9.149999999999998579e+00 -9.900000000000000000e+01 -9.900000000000000000e+01 -9.900000000000000000e+01 -9.900000000000000000e+01 -9.900000000000000000e+01 3.601721622935763169e-05 4.141979866376128017e-04 4.986583586954564107e-02 1.000000000000000000e+00
9.249999999999998224e+00 -9.900000000000000000e+01 -9.900000000000000000e+01 -9.900000000000000000e+01 -9.900000000000000000e+01 -9.900000000000000000e+01 3.417167851284854925e-05 4.954893384363039371e-04 1.105795516675779078e-01 1.000000000000000000e+00
9.349999999999997868e+00 -9.900000000000000000e+01 -9.900000000000000000e+01 -9.900000000000000000e+01 -9.900000000000000000e+01 -9.900000000000000000e+01 1.256597134958532173e-04 1.938749865364592729e-03 2.130111657631134914e-01 1.000000000000000000e+00
9.449999999999997513e+00 -9.900000000000000000e+01 -9.900000000000000000e+01 -9.900000000000000000e+01 -9.900000000000000000e+01 -9.900000000000000000e+01 3.628932138969001206e-04 7.200565349427965646e-03 3.548713639054949520e-01 1.000000000000000000e+00
9.549999999999997158e+00 -9.900000000000000000e+01 -9.900000000000000000e+01 -9.900000000000000000e+01 -9.900000000000000000e+01 -9.900000000000000000e+01 4.580031064558525008e-04 1.712533354574057032e-02 4.901828029790115115e-01 1.000000000000000000e+00
9.649999999999996803e+00 -9.900000000000000000e+01 -9.900000000000000000e+01 -9.900000000000000000e+01 -9.900000000000000000e+01 -9.900000000000000000e+01 8.932559178204555134e-04 3.737463965244224029e-02 5.562751228226886502e-01 1.000000000000000000e+00
9.749999999999996447e+00 -9.900000000000000000e+01 -9.900000000000000000e+01 -9.900000000000000000e+01 -9.900000000000000000e+01 4.030145488252125720e-05 1.289646556240680230e-03 6.551001491153830847e-02 5.580542457582718940e-01 1.000000000000000000e+00
9.849999999999996092e+00 -9.900000000000000000e+01 -9.900000000000000000e+01 -9.900000000000000000e+01 -9.900000000000000000e+01 1.214673252894971284e-04 2.652036602154020633e-03 1.009393473155721088e-01 5.225524333954166822e-01 1.000000000000000000e+00
9.949999999999995737e+00 -9.900000000000000000e+01 -9.900000000000000000e+01 -9.900000000000000000e+01 -9.900000000000000000e+01 2.771382280208066788e-04 4.540803274494755425e-03 1.261831670503965330e-01 4.875927347147608337e-01 1.000000000000000000e+00
1.004999999999999538e+01 -9.900000000000000000e+01 -9.900000000000000000e+01 -9.900000000000000000e+01 -9.900000000000000000e+01 6.112900571321091669e-04 8.793172360284954789e-03 1.416547151623445411e-01 4.717748571697270576e-01 1.000000000000000000e+00
1.014999999999999503e+01 -9.900000000000000000e+01 -9.900000000000000000e+01 -9.900000000000000000e+01 -9.900000000000000000e+01 5.965349102604004935e-04 1.265691461769893195e-02 1.372808382612304146e-01 4.690061209669053044e-01 1.000000000000000000e+00
1.024999999999999467e+01 -9.900000000000000000e+01 -9.900000000000000000e+01 -9.900000000000000000e+01 -9.900000000000000000e+01 1.170446232626188828e-03 1.743964886613021126e-02 1.337820043891733701e-01 4.864374542794440148e-01 1.000000000000000000e+00
1.034999999999999432e+01 -9.900000000000000000e+01 -9.900000000000000000e+01 -9.900000000000000000e+01 -9.900000000000000000e+01 2.143021990702581332e-03 2.007846757442880228e-02 1.234380666644687014e-01 5.112920774125482293e-01 1.000000000000000000e+00
1.044999999999999396e+01 -9.900000000000000000e+01 -9.900000000000000000e+01 -9.900000000000000000e+01 -9.900000000000000000e+01 3.068156914310760618e-03 2.260939440426619831e-02 1.206808386295565722e-01 5.387902695595003788e-01 1.000000000000000000e+00
1.054999999999999361e+01 -9.900000000000000000e+01 -9.900000000000000000e+01 -9.900000000000000000e+01 3.997441637352094863e-05 2.598337064278861356e-03 2.010713143588103644e-02 1.154461144867284933e-01 5.358170770706747188e-01 1.000000000000000000e+00
1.064999999999999325e+01 -9.900000000000000000e+01 -9.900000000000000000e+01 -9.900000000000000000e+01 2.637826431020839045e-04 3.165391717225006420e-03 1.762947331398927175e-02 1.142618482370526684e-01 5.517453618218587374e-01 1.000000000000000000e+00
1.074999999999999289e+01 -9.900000000000000000e+01 -9.900000000000000000e+01 -9.900000000000000000e+01 3.740764986439726715e-04 4.442158421397175705e-03 1.767511456092770925e-02 1.198915178153932420e-01 5.514822781258766904e-01 1.000000000000000000e+00
1.084999999999999254e+01 -9.900000000000000000e+01 -9.900000000000000000e+01 -9.900000000000000000e+01 3.215606409775443480e-04 3.483573610590063978e-03 1.843614341604587689e-02 1.415938689104453696e-01 5.492255747896457319e-01 1.000000000000000000e+00
1.094999999999999218e+01 -9.900000000000000000e+01 -9.900000000000000000e+01 -9.900000000000000000e+01 9.310986964618249472e-04 3.796017762498209592e-03 2.449505801461108676e-02 1.941698897006159663e-01 5.640309411259132322e-01 1.000000000000000000e+00
1.104999999999999183e+01 -9.900000000000000000e+01 -9.900000000000000000e+01 -9.900000000000000000e+01 1.052631578947368397e-03 6.184210526315789443e-03 4.473684210526315819e-02 3.175000000000000044e-01 6.327631578947368052e-01 1.000000000000000000e+00
1.114999999999999147e+01 -9.900000000000000000e+01 -9.900000000000000000e+01 -9.900000000000000000e+01 3.397893306150187153e-04 1.461094121644580281e-02 9.446143391097519548e-02 5.321100917431192956e-01 7.689432551817872996e-01 1.000000000000000000e+00
1.124999999999999112e+01 -9.900000000000000000e+01 -9.900000000000000000e+01 -9.900000000000000000e+01 9.970089730807576468e-04 2.592223330009970142e-02 2.632103688933200569e-01 7.956131605184446620e-01 9.391824526420737840e-01 1.000000000000000000e+00
1.134999999999999076e+01 -9.900000000000000000e+01 -9.900000000000000000e+01 -9.900000000000000000e+01 -9.900000000000000000e+01 3.333333333333333287e-02 4.299999999999999933e-01 9.266666666666666385e-01 9.733333333333333837e-01 1.000000000000000000e+00
1.144999999999999041e+01 -9.900000000000000000e+01 -9.900000000000000000e+01 -9.900000000000000000e+01 1.234567901234567833e-02 6.172839506172839164e-02 7.037037037037037202e-01 9.876543209876542662e-01 1.000000000000000000e+00 1.000000000000000000e+00
1.154999999999999005e+01 -9.900000000000000000e+01 -9.900000000000000000e+01 -9.900000000000000000e+01 -9.900000000000000000e+01 2.999999999999999889e-01 9.000000000000000222e-01 1.000000000000000000e+00 1.000000000000000000e+00 1.000000000000000000e+00
1.164999999999998970e+01 -9.900000000000000000e+01 -9.900000000000000000e+01 -9.900000000000000000e+01 -9.900000000000000000e+01 -9.900000000000000000e+01 1.000000000000000000e+00 1.000000000000000000e+00 1.000000000000000000e+00 1.000000000000000000e+00
1.174999999999998934e+01 -9.900000000000000000e+01 -9.900000000000000000e+01 -9.900000000000000000e+01 -9.900000000000000000e+01 -9.900000000000000000e+01 -9.900000000000000000e+01 -9.900000000000000000e+01 -9.900000000000000000e+01 -9.900000000000000000e+01
1.184999999999998899e+01 -9.900000000000000000e+01 -9.900000000000000000e+01 -9.900000000000000000e+01 -9.900000000000000000e+01 -9.900000000000000000e+01 -9.900000000000000000e+01 -9.900000000000000000e+01 -9.900000000000000000e+01 -9.900000000000000000e+01
1.194999999999998863e+01 -9.900000000000000000e+01 -9.900000000000000000e+01 -9.900000000000000000e+01 -9.900000000000000000e+01 -9.900000000000000000e+01 -9.900000000000000000e+01 -9.900000000000000000e+01 -9.900000000000000000e+01 -9.900000000000000000e+01
1.204999999999998828e+01 -9.900000000000000000e+01 -9.900000000000000000e+01 -9.900000000000000000e+01 -9.900000000000000000e+01 -9.900000000000000000e+01 -9.900000000000000000e+01 -9.900000000000000000e+01 -9.900000000000000000e+01 -9.900000000000000000e+01
1.214999999999998792e+01 -9.900000000000000000e+01 -9.900000000000000000e+01 -9.900000000000000000e+01 -9.900000000000000000e+01 -9.900000000000000000e+01 -9.900000000000000000e+01 -9.900000000000000000e+01 -9.900000000000000000e+01 -9.900000000000000000e+01
1.224999999999998757e+01 -9.900000000000000000e+01 -9.900000000000000000e+01 -9.900000000000000000e+01 -9.900000000000000000e+01 -9.900000000000000000e+01 -9.900000000000000000e+01 -9.900000000000000000e+01 -9.900000000000000000e+01 -9.900000000000000000e+01
1.234999999999998721e+01 -9.900000000000000000e+01 -9.900000000000000000e+01 -9.900000000000000000e+01 -9.900000000000000000e+01 -9.900000000000000000e+01 -9.900000000000000000e+01 -9.900000000000000000e+01 -9.900000000000000000e+01 -9.900000000000000000e+01
1.244999999999998685e+01 -9.900000000000000000e+01 -9.900000000000000000e+01 -9.900000000000000000e+01 -9.900000000000000000e+01 -9.900000000000000000e+01 -9.900000000000000000e+01 -9.900000000000000000e+01 -9.900000000000000000e+01 -9.900000000000000000e+01
1.254999999999998650e+01 -9.900000000000000000e+01 -9.900000000000000000e+01 -9.900000000000000000e+01 -9.900000000000000000e+01 -9.900000000000000000e+01 -9.900000000000000000e+01 -9.900000000000000000e+01 -9.900000000000000000e+01 -9.900000000000000000e+01
1.264999999999998614e+01 -9.900000000000000000e+01 -9.900000000000000000e+01 -9.900000000000000000e+01 -9.900000000000000000e+01 -9.900000000000000000e+01 -9.900000000000000000e+01 -9.900000000000000000e+01 -9.900000000000000000e+01 -9.900000000000000000e+01
1.274999999999998579e+01 -9.900000000000000000e+01 -9.900000000000000000e+01 -9.900000000000000000e+01 -9.900000000000000000e+01 -9.900000000000000000e+01 -9.900000000000000000e+01 -9.900000000000000000e+01 -9.900000000000000000e+01 -9.900000000000000000e+01
1.284999999999998543e+01 -9.900000000000000000e+01 -9.900000000000000000e+01 -9.900000000000000000e+01 -9.900000000000000000e+01 -9.900000000000000000e+01 -9.900000000000000000e+01 -9.900000000000000000e+01 -9.900000000000000000e+01 -9.900000000000000000e+01
1.294999999999998508e+01 -9.900000000000000000e+01 -9.900000000000000000e+01 -9.900000000000000000e+01 -9.900000000000000000e+01 -9.900000000000000000e+01 -9.900000000000000000e+01 -9.900000000000000000e+01 -9.900000000000000000e+01 -9.900000000000000000e+01
1.304999999999998472e+01 -9.900000000000000000e+01 -9.900000000000000000e+01 -9.900000000000000000e+01 -9.900000000000000000e+01 -9.900000000000000000e+01 -9.900000000000000000e+01 -9.900000000000000000e+01 -9.900000000000000000e+01 -9.900000000000000000e+01
1.314999999999998437e+01 -9.900000000000000000e+01 -9.900000000000000000e+01 -9.900000000000000000e+01 -9.900000000000000000e+01 -9.900000000000000000e+01 -9.900000000000000000e+01 -9.900000000000000000e+01 -9.900000000000000000e+01 -9.900000000000000000e+01
1.324999999999998401e+01 -9.900000000000000000e+01 -9.900000000000000000e+01 -9.900000000000000000e+01 -9.900000000000000000e+01 -9.900000000000000000e+01 -9.900000000000000000e+01 -9.900000000000000000e+01 -9.900000000000000000e+01 -9.900000000000000000e+01
1.334999999999998366e+01 -9.900000000000000000e+01 -9.900000000000000000e+01 -9.900000000000000000e+01 -9.900000000000000000e+01 -9.900000000000000000e+01 -9.900000000000000000e+01 -9.900000000000000000e+01 -9.900000000000000000e+01 -9.900000000000000000e+01
1.344999999999998330e+01 -9.900000000000000000e+01 -9.900000000000000000e+01 -9.900000000000000000e+01 -9.900000000000000000e+01 -9.900000000000000000e+01 -9.900000000000000000e+01 -9.900000000000000000e+01 -9.900000000000000000e+01 -9.900000000000000000e+01
1.354999999999998295e+01 -9.900000000000000000e+01 -9.900000000000000000e+01 -9.900000000000000000e+01 -9.900000000000000000e+01 -9.900000000000000000e+01 -9.900000000000000000e+01 -9.900000000000000000e+01 -9.900000000000000000e+01 -9.900000000000000000e+01
1.364999999999998259e+01 -9.900000000000000000e+01 -9.900000000000000000e+01 -9.900000000000000000e+01 -9.900000000000000000e+01 -9.900000000000000000e+01 -9.900000000000000000e+01 -9.900000000000000000e+01 -9.900000000000000000e+01 -9.900000000000000000e+01
1.374999999999998224e+01 -9.900000000000000000e+01 -9.900000000000000000e+01 -9.900000000000000000e+01 -9.900000000000000000e+01 -9.900000000000000000e+01 -9.900000000000000000e+01 -9.900000000000000000e+01 -9.900000000000000000e+01 -9.900000000000000000e+01
1.384999999999998188e+01 -9.900000000000000000e+01 -9.900000000000000000e+01 -9.900000000000000000e+01 -9.900000000000000000e+01 -9.900000000000000000e+01 -9.900000000000000000e+01 -9.900000000000000000e+01 -9.900000000000000000e+01 -9.900000000000000000e+01
1.394999999999998153e+01 -9.900000000000000000e+01 -9.900000000000000000e+01 -9.900000000000000000e+01 -9.900000000000000000e+01 -9.900000000000000000e+01 -9.900000000000000000e+01 -9.900000000000000000e+01 -9.900000000000000000e+01 -9.900000000000000000e+01
1.404999999999998117e+01 -9.900000000000000000e+01 -9.900000000000000000e+01 -9.900000000000000000e+01 -9.900000000000000000e+01 -9.900000000000000000e+01 -9.900000000000000000e+01 -9.900000000000000000e+01 -9.900000000000000000e+01 -9.900000000000000000e+01
1.414999999999998082e+01 -9.900000000000000000e+01 -9.900000000000000000e+01 -9.900000000000000000e+01 -9.900000000000000000e+01 -9.900000000000000000e+01 -9.900000000000000000e+01 -9.900000000000000000e+01 -9.900000000000000000e+01 -9.900000000000000000e+01
1.424999999999998046e+01 -9.900000000000000000e+01 -9.900000000000000000e+01 -9.900000000000000000e+01 -9.900000000000000000e+01 -9.900000000000000000e+01 -9.900000000000000000e+01 -9.900000000000000000e+01 -9.900000000000000000e+01 -9.900000000000000000e+01
1.434999999999998010e+01 -9.900000000000000000e+01 -9.900000000000000000e+01 -9.900000000000000000e+01 -9.900000000000000000e+01 -9.900000000000000000e+01 -9.900000000000000000e+01 -9.900000000000000000e+01 -9.900000000000000000e+01 -9.900000000000000000e+01
1.444999999999997975e+01 -9.900000000000000000e+01 -9.900000000000000000e+01 -9.900000000000000000e+01 -9.900000000000000000e+01 -9.900000000000000000e+01 -9.900000000000000000e+01 -9.900000000000000000e+01 -9.900000000000000000e+01 -9.900000000000000000e+01
1.454999999999997939e+01 -9.900000000000000000e+01 -9.900000000000000000e+01 -9.900000000000000000e+01 -9.900000000000000000e+01 -9.900000000000000000e+01 -9.900000000000000000e+01 -9.900000000000000000e+01 -9.900000000000000000e+01 -9.900000000000000000e+01
1.464999999999997904e+01 -9.900000000000000000e+01 -9.900000000000000000e+01 -9.900000000000000000e+01 -9.900000000000000000e+01 -9.900000000000000000e+01 -9.900000000000000000e+01 -9.900000000000000000e+01 -9.900000000000000000e+01 -9.900000000000000000e+01
1.474999999999997868e+01 -9.900000000000000000e+01 -9.900000000000000000e+01 -9.900000000000000000e+01 -9.900000000000000000e+01 -9.900000000000000000e+01 -9.900000000000000000e+01 -9.900000000000000000e+01 -9.900000000000000000e+01 -9.900000000000000000e+01
1.484999999999997833e+01 -9.900000000000000000e+01 -9.900000000000000000e+01 -9.900000000000000000e+01 -9.900000000000000000e+01 -9.900000000000000000e+01 -9.900000000000000000e+01 -9.900000000000000000e+01 -9.900000000000000000e+01 -9.900000000000000000e+01
1.494999999999997797e+01 -9.900000000000000000e+01 -9.900000000000000000e+01 -9.900000000000000000e+01 -9.900000000000000000e+01 -9.900000000000000000e+01 -9.900000000000000000e+01 -9.900000000000000000e+01 -9.900000000000000000e+01 -9.900000000000000000e+01
