# log10(M/Msun), Ratios for r<[17.0, 18.0, 19.0, 20.0, 21.0, 22.0, 23.0, 24.0, 25.0] 
8.550000000000000711e+00 -9.900000000000000000e+01 -9.900000000000000000e+01 -9.900000000000000000e+01 -9.900000000000000000e+01 -9.900000000000000000e+01 -9.900000000000000000e+01 6.938180808991882445e-05 2.863155947177316654e-02 1.000000000000000000e+00
8.650000000000000355e+00 -9.900000000000000000e+01 -9.900000000000000000e+01 -9.900000000000000000e+01 -9.900000000000000000e+01 -9.900000000000000000e+01 -9.900000000000000000e+01 1.069061364122300591e-04 6.825956809920889767e-02 1.000000000000000000e+00
8.750000000000000000e+00 -9.900000000000000000e+01 -9.900000000000000000e+01 -9.900000000000000000e+01 -9.900000000000000000e+01 -9.900000000000000000e+01 -9.900000000000000000e+01 3.423485107839780708e-04 1.476861706086361192e-01 1.000000000000000000e+00
8.849999999999999645e+00 -9.900000000000000000e+01 -9.900000000000000000e+01 -9.900000000000000000e+01 -9.900000000000000000e+01 -9.900000000000000000e+01 -9.900000000000000000e+01 1.603617340098320056e-03 2.400825468598017931e-01 1.000000000000000000e+00
8.949999999999999289e+00 -9.900000000000000000e+01 -9.900000000000000000e+01 -9.900000000000000000e+01 -9.900000000000000000e+01 -9.900000000000000000e+01 -9.900000000000000000e+01 7.798018536273570132e-03 3.308660914030041589e-01 1.000000000000000000e+00
9.049999999999998934e+00 -9.900000000000000000e+01 -9.900000000000000000e+01 -9.900000000000000000e+01 -9.900000000000000000e+01 -9.900000000000000000e+01 5.383072927180480779e-05 2.531390044006621293e-02 4.298114578707254996e-01 9.999865423176820256e-01
9.149999999999998579e+00 -9.900000000000000000e+01 -9.900000000000000000e+01 -9.900000000000000000e+01 -9.900000000000000000e+01 -9.900000000000000000e+01 3.394733734797496976e-04 6.802751210296374695e-02 5.221986066831975082e-01 1.000000000000000000e+00
9.249999999999998224e+00 -9.900000000000000000e+01 -9.900000000000000000e+01 -9.900000000000000000e+01 -9.900000000000000000e+01 1.581777918380259418e-05 1.186333438785194512e-03 1.324264473267953157e-01 5.985289465359063810e-01 1.000000000000000000e+00
9.349999999999997868e+00 -9.900000000000000000e+01 -9.900000000000000000e+01 -9.900000000000000000e+01 -9.900000000000000000e+01 -9.900000000000000000e+01 5.386809867427420906e-03 2.061923141466689147e-01 6.534653465346534906e-01 1.000000000000000000e+00
9.449999999999997513e+00 -9.900000000000000000e+01 -9.900000000000000000e+01 -9.900000000000000000e+01 -9.900000000000000000e+01 1.755772100781318479e-05 1.646914230532876833e-02 2.619260819945570806e-01 6.735492933017294126e-01 1.000000000000000000e+00
9.549999999999997158e+00 -9.900000000000000000e+01 -9.900000000000000000e+01 -9.900000000000000000e+01 -9.900000000000000000e+01 1.261761418940841352e-04 3.581599913479217162e-02 3.077796604059266916e-01 6.838206135765528826e-01 1.000000000000000000e+00
9.649999999999996803e+00 -9.900000000000000000e+01 -9.900000000000000000e+01 -9.900000000000000000e+01 1.860084447833931594e-05 7.998363125685906431e-04 6.482394300701252443e-02 3.480776027231636260e-01 7.040419635051431424e-01 1.000000000000000000e+00
9.749999999999996447e+00 -9.900000000000000000e+01 -9.900000000000000000e+01 -9.900000000000000000e+01 3.859364748562386802e-05 1.852495079309945556e-03 9.310717455906757090e-02 3.784300104202848458e-01 7.350353131874493018e-01 1.000000000000000000e+00
9.849999999999996092e+00 -9.900000000000000000e+01 -9.900000000000000000e+01 -9.900000000000000000e+01 4.200092402032845054e-05 5.943130748876475182e-03 1.245957411063043363e-01 4.233063127388802527e-01 7.845982611617455804e-01 1.000000000000000000e+00
9.949999999999995737e+00 -9.900000000000000000e+01 -9.900000000000000000e+01 -9.900000000000000000e+01 4.746760336070631842e-05 1.203303745193905205e-02 1.500213604215123175e-01 4.680068353348839638e-01 8.404139175013053409e-01 1.000000000000000000e+00
1.004999999999999538e+01 -9.900000000000000000e+01 -9.900000000000000000e+01 -9.900000000000000000e+01 3.079076277116865080e-04 2.194541637508747381e-02 1.729601119664100906e-01 5.112946116165150157e-01 8.916165150454863353e-01 1.000000000000000000e+00
1.014999999999999503e+01 -9.900000000000000000e+01 -9.900000000000000000e+01 -9.900000000000000000e+01 9.444100693652913081e-04 3.136092747581984558e-02 1.874816817012407710e-01 5.613378057120526066e-01 9.336633340932034564e-01 1.000000000000000000e+00
1.024999999999999467e+01 -9.900000000000000000e+01 -9.900000000000000000e+01 -9.900000000000000000e+01 1.294942108470444747e-03 3.633455210237659938e-02 1.904707495429616149e-01 5.967778793418647698e-01 9.536867763558805056e-01 1.000000000000000000e+00
1.034999999999999432e+01 -9.900000000000000000e+01 -9.900000000000000000e+01 8.923790826343029939e-05 2.498661431376048708e-03 4.073710512225593716e-02 2.087274674281634768e-01 6.297965375691594314e-01 9.609584151347492220e-01 1.000000000000000000e+00
1.044999999999999396e+01 -9.900000000000000000e+01 -9.900000000000000000e+01 1.487136271253655781e-04 4.312695186635602008e-03 3.876468547067862813e-02 2.169731819759083968e-01 6.406087344470331457e-01 9.512219303028800477e-01 1.000000000000000000e+00
1.054999999999999361e+01 -9.900000000000000000e+01 -9.900000000000000000e+01 1.073134088104308681e-04 3.219402264312925827e-03 3.493051456779524416e-02 2.282556205397864579e-01 6.477973922841658849e-01 9.311584482481085612e-01 1.000000000000000000e+00
1.064999999999999325e+01 -9.900000000000000000e+01 -9.900000000000000000e+01 3.372681281618887051e-04 3.541315345699831349e-03 3.406408094435076084e-02 2.348510399100618429e-01 6.335019673974142673e-01 9.042720629567172486e-01 1.000000000000000000e+00
1.074999999999999289e+01 -9.900000000000000000e+01 -9.900000000000000000e+01 2.917323064356146809e-04 3.850866444950113744e-03 3.051519925316529408e-02 2.251589941070074041e-01 5.974094171188517599e-01 8.769473131454577075e-01 1.000000000000000000e+00
1.084999999999999254e+01 -9.900000000000000000e+01 -9.900000000000000000e+01 4.239084357778719796e-04 3.633500878096045539e-03 3.100587415975292194e-02 2.284260885363047222e-01 5.730636468237146897e-01 8.539332647005389854e-01 1.000000000000000000e+00
1.094999999999999218e+01 -9.900000000000000000e+01 -9.900000000000000000e+01 4.997501249375312180e-04 4.140786749482401954e-03 4.526308274434211187e-02 2.421646319697294270e-01 5.517955308060256137e-01 8.473620332690797730e-01 1.000000000000000000e+00
1.104999999999999183e+01 -9.900000000000000000e+01 -9.900000000000000000e+01 3.591094086665070815e-04 5.506344266219775213e-03 8.558774239885084956e-02 3.225999521187455366e-01 5.995930093368446734e-01 8.796983480967200952e-01 1.000000000000000000e+00
1.114999999999999147e+01 -9.900000000000000000e+01 -9.900000000000000000e+01 2.972651605231866560e-04 1.099881093935790692e-02 2.054102259215219994e-01 5.332936979785969367e-01 7.511890606420927874e-01 9.399524375743162352e-01 1.000000000000000000e+00
1.124999999999999112e+01 -9.900000000000000000e+01 -9.900000000000000000e+01 3.177124702144558995e-03 3.415409054805400996e-02 3.876092136616361983e-01 8.014297061159650903e-01 8.959491660047657069e-01 9.857029388403494297e-01 1.000000000000000000e+00
1.134999999999999076e+01 -9.900000000000000000e+01 -9.900000000000000000e+01 -9.900000000000000000e+01 1.061728395061728447e-01 6.098765432098764983e-01 9.407407407407407662e-01 9.925925925925925819e-01 9.975308641975308976e-01 1.000000000000000000e+00
1.144999999999999041e+01 -9.900000000000000000e+01 -9.900000000000000000e+01 7.518796992481202590e-03 2.781954887218044958e-01 7.819548872180450694e-01 9.774436090225563367e-01 1.000000000000000000e+00 1.000000000000000000e+00 1.000000000000000000e+00
1.154999999999999005e+01 -9.900000000000000000e+01 -9.900000000000000000e+01 2.702702702702702853e-02 5.405405405405405705e-01 8.918918918918918859e-01 9.729729729729730270e-01 9.729729729729730270e-01 1.000000000000000000e+00 1.000000000000000000e+00
1.164999999999998970e+01 -9.900000000000000000e+01 -9.900000000000000000e+01 2.000000000000000111e-01 4.000000000000000222e-01 1.000000000000000000e+00 1.000000000000000000e+00 1.000000000000000000e+00 1.000000000000000000e+00 1.000000000000000000e+00
1.174999999999998934e+01 -9.900000000000000000e+01 -9.900000000000000000e+01 -9.900000000000000000e+01 -9.900000000000000000e+01 -9.900000000000000000e+01 -9.900000000000000000e+01 -9.900000000000000000e+01 -9.900000000000000000e+01 -9.900000000000000000e+01
1.184999999999998899e+01 -9.900000000000000000e+01 -9.900000000000000000e+01 -9.900000000000000000e+01 -9.900000000000000000e+01 -9.900000000000000000e+01 -9.900000000000000000e+01 -9.900000000000000000e+01 -9.900000000000000000e+01 -9.900000000000000000e+01
1.194999999999998863e+01 -9.900000000000000000e+01 -9.900000000000000000e+01 -9.900000000000000000e+01 -9.900000000000000000e+01 -9.900000000000000000e+01 -9.900000000000000000e+01 -9.900000000000000000e+01 -9.900000000000000000e+01 -9.900000000000000000e+01
1.204999999999998828e+01 -9.900000000000000000e+01 -9.900000000000000000e+01 -9.900000000000000000e+01 -9.900000000000000000e+01 -9.900000000000000000e+01 -9.900000000000000000e+01 -9.900000000000000000e+01 -9.900000000000000000e+01 -9.900000000000000000e+01
1.214999999999998792e+01 -9.900000000000000000e+01 -9.900000000000000000e+01 -9.900000000000000000e+01 -9.900000000000000000e+01 -9.900000000000000000e+01 -9.900000000000000000e+01 -9.900000000000000000e+01 -9.900000000000000000e+01 -9.900000000000000000e+01
1.224999999999998757e+01 -9.900000000000000000e+01 -9.900000000000000000e+01 -9.900000000000000000e+01 -9.900000000000000000e+01 -9.900000000000000000e+01 -9.900000000000000000e+01 -9.900000000000000000e+01 -9.900000000000000000e+01 -9.900000000000000000e+01
1.234999999999998721e+01 -9.900000000000000000e+01 -9.900000000000000000e+01 -9.900000000000000000e+01 -9.900000000000000000e+01 -9.900000000000000000e+01 -9.900000000000000000e+01 -9.900000000000000000e+01 -9.900000000000000000e+01 -9.900000000000000000e+01
1.244999999999998685e+01 -9.900000000000000000e+01 -9.900000000000000000e+01 -9.900000000000000000e+01 -9.900000000000000000e+01 -9.900000000000000000e+01 -9.900000000000000000e+01 -9.900000000000000000e+01 -9.900000000000000000e+01 -9.900000000000000000e+01
1.254999999999998650e+01 -9.900000000000000000e+01 -9.900000000000000000e+01 -9.900000000000000000e+01 -9.900000000000000000e+01 -9.900000000000000000e+01 -9.900000000000000000e+01 -9.900000000000000000e+01 -9.900000000000000000e+01 -9.900000000000000000e+01
1.264999999999998614e+01 -9.900000000000000000e+01 -9.900000000000000000e+01 -9.900000000000000000e+01 -9.900000000000000000e+01 -9.900000000000000000e+01 -9.900000000000000000e+01 -9.900000000000000000e+01 -9.900000000000000000e+01 -9.900000000000000000e+01
1.274999999999998579e+01 -9.900000000000000000e+01 -9.900000000000000000e+01 -9.900000000000000000e+01 -9.900000000000000000e+01 -9.900000000000000000e+01 -9.900000000000000000e+01 -9.900000000000000000e+01 -9.900000000000000000e+01 -9.900000000000000000e+01
1.284999999999998543e+01 -9.900000000000000000e+01 -9.900000000000000000e+01 -9.900000000000000000e+01 -9.900000000000000000e+01 -9.900000000000000000e+01 -9.900000000000000000e+01 -9.900000000000000000e+01 -9.900000000000000000e+01 -9.900000000000000000e+01
1.294999999999998508e+01 -9.900000000000000000e+01 -9.900000000000000000e+01 -9.900000000000000000e+01 -9.900000000000000000e+01 -9.900000000000000000e+01 -9.900000000000000000e+01 -9.900000000000000000e+01 -9.900000000000000000e+01 -9.900000000000000000e+01
1.304999999999998472e+01 -9.900000000000000000e+01 -9.900000000000000000e+01 -9.900000000000000000e+01 -9.900000000000000000e+01 -9.900000000000000000e+01 -9.900000000000000000e+01 -9.900000000000000000e+01 -9.900000000000000000e+01 -9.900000000000000000e+01
1.314999999999998437e+01 -9.900000000000000000e+01 -9.900000000000000000e+01 -9.900000000000000000e+01 -9.900000000000000000e+01 -9.900000000000000000e+01 -9.900000000000000000e+01 -9.900000000000000000e+01 -9.900000000000000000e+01 -9.900000000000000000e+01
1.324999999999998401e+01 -9.900000000000000000e+01 -9.900000000000000000e+01 -9.900000000000000000e+01 -9.900000000000000000e+01 -9.900000000000000000e+01 -9.900000000000000000e+01 -9.900000000000000000e+01 -9.900000000000000000e+01 -9.900000000000000000e+01
1.334999999999998366e+01 -9.900000000000000000e+01 -9.900000000000000000e+01 -9.900000000000000000e+01 -9.900000000000000000e+01 -9.900000000000000000e+01 -9.900000000000000000e+01 -9.900000000000000000e+01 -9.900000000000000000e+01 -9.900000000000000000e+01
1.344999999999998330e+01 -9.900000000000000000e+01 -9.900000000000000000e+01 -9.900000000000000000e+01 -9.900000000000000000e+01 -9.900000000000000000e+01 -9.900000000000000000e+01 -9.900000000000000000e+01 -9.900000000000000000e+01 -9.900000000000000000e+01
1.354999999999998295e+01 -9.900000000000000000e+01 -9.900000000000000000e+01 -9.900000000000000000e+01 -9.900000000000000000e+01 -9.900000000000000000e+01 -9.900000000000000000e+01 -9.900000000000000000e+01 -9.900000000000000000e+01 -9.900000000000000000e+01
1.364999999999998259e+01 -9.900000000000000000e+01 -9.900000000000000000e+01 -9.900000000000000000e+01 -9.900000000000000000e+01 -9.900000000000000000e+01 -9.900000000000000000e+01 -9.900000000000000000e+01 -9.900000000000000000e+01 -9.900000000000000000e+01
1.374999999999998224e+01 -9.900000000000000000e+01 -9.900000000000000000e+01 -9.900000000000000000e+01 -9.900000000000000000e+01 -9.900000000000000000e+01 -9.900000000000000000e+01 -9.900000000000000000e+01 -9.900000000000000000e+01 -9.900000000000000000e+01
1.384999999999998188e+01 -9.900000000000000000e+01 -9.900000000000000000e+01 -9.900000000000000000e+01 -9.900000000000000000e+01 -9.900000000000000000e+01 -9.900000000000000000e+01 -9.900000000000000000e+01 -9.900000000000000000e+01 -9.900000000000000000e+01
1.394999999999998153e+01 -9.900000000000000000e+01 -9.900000000000000000e+01 -9.900000000000000000e+01 -9.900000000000000000e+01 -9.900000000000000000e+01 -9.900000000000000000e+01 -9.900000000000000000e+01 -9.900000000000000000e+01 -9.900000000000000000e+01
1.404999999999998117e+01 -9.900000000000000000e+01 -9.900000000000000000e+01 -9.900000000000000000e+01 -9.900000000000000000e+01 -9.900000000000000000e+01 -9.900000000000000000e+01 -9.900000000000000000e+01 -9.900000000000000000e+01 -9.900000000000000000e+01
1.414999999999998082e+01 -9.900000000000000000e+01 -9.900000000000000000e+01 -9.900000000000000000e+01 -9.900000000000000000e+01 -9.900000000000000000e+01 -9.900000000000000000e+01 -9.900000000000000000e+01 -9.900000000000000000e+01 -9.900000000000000000e+01
1.424999999999998046e+01 -9.900000000000000000e+01 -9.900000000000000000e+01 -9.900000000000000000e+01 -9.900000000000000000e+01 -9.900000000000000000e+01 -9.900000000000000000e+01 -9.900000000000000000e+01 -9.900000000000000000e+01 -9.900000000000000000e+01
1.434999999999998010e+01 -9.900000000000000000e+01 -9.900000000000000000e+01 -9.900000000000000000e+01 -9.900000000000000000e+01 -9.900000000000000000e+01 -9.900000000000000000e+01 -9.900000000000000000e+01 -9.900000000000000000e+01 -9.900000000000000000e+01
1.444999999999997975e+01 -9.900000000000000000e+01 -9.900000000000000000e+01 -9.900000000000000000e+01 -9.900000000000000000e+01 -9.900000000000000000e+01 -9.900000000000000000e+01 -9.900000000000000000e+01 -9.900000000000000000e+01 -9.900000000000000000e+01
1.454999999999997939e+01 -9.900000000000000000e+01 -9.900000000000000000e+01 -9.900000000000000000e+01 -9.900000000000000000e+01 -9.900000000000000000e+01 -9.900000000000000000e+01 -9.900000000000000000e+01 -9.900000000000000000e+01 -9.900000000000000000e+01
1.464999999999997904e+01 -9.900000000000000000e+01 -9.900000000000000000e+01 -9.900000000000000000e+01 -9.900000000000000000e+01 -9.900000000000000000e+01 -9.900000000000000000e+01 -9.900000000000000000e+01 -9.900000000000000000e+01 -9.900000000000000000e+01
1.474999999999997868e+01 -9.900000000000000000e+01 -9.900000000000000000e+01 -9.900000000000000000e+01 -9.900000000000000000e+01 -9.900000000000000000e+01 -9.900000000000000000e+01 -9.900000000000000000e+01 -9.900000000000000000e+01 -9.900000000000000000e+01
1.484999999999997833e+01 -9.900000000000000000e+01 -9.900000000000000000e+01 -9.900000000000000000e+01 -9.900000000000000000e+01 -9.900000000000000000e+01 -9.900000000000000000e+01 -9.900000000000000000e+01 -9.900000000000000000e+01 -9.900000000000000000e+01
1.494999999999997797e+01 -9.900000000000000000e+01 -9.900000000000000000e+01 -9.900000000000000000e+01 -9.900000000000000000e+01 -9.900000000000000000e+01 -9.900000000000000000e+01 -9.900000000000000000e+01 -9.900000000000000000e+01 -9.900000000000000000e+01
