# log10(M/Msun), Ratios for r<[17.0, 18.0, 19.0, 20.0, 21.0, 22.0, 23.0, 24.0, 25.0] 
8.550000000000000711e+00 -9.900000000000000000e+01 -9.900000000000000000e+01 -9.900000000000000000e+01 -9.900000000000000000e+01 -9.900000000000000000e+01 2.056395538065508739e-03 1.170666035446933095e-01 5.838240080480515681e-01 1.000000000000000000e+00
8.650000000000000355e+00 -9.900000000000000000e+01 -9.900000000000000000e+01 -9.900000000000000000e+01 -9.900000000000000000e+01 1.484670774255808799e-05 9.383119293296712099e-03 1.705589785465073116e-01 6.874174151881820016e-01 1.000000000000000000e+00
8.750000000000000000e+00 -9.900000000000000000e+01 -9.900000000000000000e+01 -9.900000000000000000e+01 -9.900000000000000000e+01 1.527020630048711797e-05 2.770015422908363514e-02 2.461709957701528617e-01 7.428497258997969199e-01 1.000000000000000000e+00
8.849999999999999645e+00 -9.900000000000000000e+01 -9.900000000000000000e+01 -9.900000000000000000e+01 -9.900000000000000000e+01 4.120835578660411681e-04 5.366595872824674041e-02 3.415538720005071860e-01 7.759533394617554869e-01 1.000000000000000000e+00
8.949999999999999289e+00 -9.900000000000000000e+01 -9.900000000000000000e+01 -9.900000000000000000e+01 -9.900000000000000000e+01 1.491828846545059910e-03 9.247643588526480163e-02 4.562622906353834829e-01 8.091984810469926570e-01 1.000000000000000000e+00
9.049999999999998934e+00 -9.900000000000000000e+01 -9.900000000000000000e+01 -9.900000000000000000e+01 -9.900000000000000000e+01 6.945099741446015412e-03 1.416385151074791848e-01 5.677241587559213043e-01 8.479627078339969648e-01 1.000000000000000000e+00
9.149999999999998579e+00 -9.900000000000000000e+01 -9.900000000000000000e+01 -9.900000000000000000e+01 -9.900000000000000000e+01 2.140115368944738722e-02 2.030965196320202448e-01 6.431497008556172901e-01 8.881264340702935689e-01 1.000000000000000000e+00
9.249999999999998224e+00 -9.900000000000000000e+01 -9.900000000000000000e+01 -9.900000000000000000e+01 3.437101050770892830e-04 4.738289305705587623e-02 2.934547775704605677e-01 6.960129627811058040e-01 9.330256309535500669e-01 1.000000000000000000e+00
9.349999999999997868e+00 -9.900000000000000000e+01 -9.900000000000000000e+01 -9.900000000000000000e+01 1.401676515047409590e-03 7.832898172323760067e-02 3.865878796207228296e-01 7.324446887453620603e-01 9.680912463927442424e-01 1.000000000000000000e+00
9.449999999999997513e+00 -9.900000000000000000e+01 -9.900000000000000000e+01 -9.900000000000000000e+01 5.876019073988617003e-03 1.167820335333025622e-01 4.722658052607291435e-01 7.754499307798800034e-01 9.903091832025842089e-01 1.000000000000000000e+00
9.549999999999997158e+00 -9.900000000000000000e+01 -9.900000000000000000e+01 3.403560123889588421e-05 1.729008542935911094e-02 1.653449508185562133e-01 5.440250502025117951e-01 8.270991457064088559e-01 9.985364691467274456e-01 1.000000000000000000e+00
9.649999999999996803e+00 -9.900000000000000000e+01 -9.900000000000000000e+01 1.474708745022857944e-04 3.222238607874945010e-02 2.163766406134788323e-01 5.898097625718921044e-01 8.851939241999705610e-01 9.998525291254977132e-01 1.000000000000000000e+00
9.749999999999996447e+00 -9.900000000000000000e+01 -9.900000000000000000e+01 1.475867570801755102e-03 4.890307140007977421e-02 2.745911447945751926e-01 6.313921021140805889e-01 9.387714399680893163e-01 9.997606701236537718e-01 1.000000000000000000e+00
9.849999999999996092e+00 -9.900000000000000000e+01 4.355211009973433483e-05 3.701929358477418393e-03 7.551935891293933001e-02 3.469361090544836879e-01 6.913461957231827881e-01 9.742171508209572783e-01 9.997822394495012865e-01 1.000000000000000000e+00
9.949999999999995737e+00 -9.900000000000000000e+01 -9.900000000000000000e+01 8.522316914632383986e-03 1.000048148683133492e-01 3.992970292262506549e-01 7.557898791468052879e-01 9.919110212335692234e-01 9.993740671192642422e-01 1.000000000000000000e+00
1.004999999999999538e+01 -9.900000000000000000e+01 -9.900000000000000000e+01 1.786705138164465523e-02 1.393851958717123585e-01 4.637110198646099413e-01 8.213849739207634837e-01 9.972256131394962031e-01 9.992231716790589413e-01 1.000000000000000000e+00
1.014999999999999503e+01 -9.900000000000000000e+01 3.908031003712629558e-04 2.462059532338956719e-02 1.689572070605093457e-01 4.981436852732364917e-01 8.753989448316289446e-01 9.957662997459779675e-01 9.992835276493193808e-01 1.000000000000000000e+00
1.024999999999999467e+01 -9.900000000000000000e+01 9.318217114458767067e-04 3.276906351917999866e-02 1.999534089144276994e-01 5.371175648392607638e-01 9.162913495884453807e-01 9.943314179220376081e-01 9.991458300978413032e-01 1.000000000000000000e+00
1.034999999999999432e+01 -9.900000000000000000e+01 1.907876805669119716e-03 4.088307440719542163e-02 2.195875352048696216e-01 5.721813391478149935e-01 9.408558190242573005e-01 9.907331698010356513e-01 9.990914872353956477e-01 1.000000000000000000e+00
1.044999999999999396e+01 -9.900000000000000000e+01 3.930263025294769563e-03 4.020961402801571938e-02 2.367227652927542114e-01 6.050589539453794519e-01 9.463871812959789853e-01 9.910309382243273069e-01 9.989922402499243903e-01 1.000000000000000000e+00
1.054999999999999361e+01 2.208480565371024706e-04 4.196113074204947321e-03 4.439045936395760034e-02 2.443683745583038747e-01 6.354902826855123310e-01 9.344081272084805434e-01 9.865282685512367644e-01 9.991166077738515838e-01 1.000000000000000000e+00
1.064999999999999325e+01 -9.900000000000000000e+01 4.832626119754832375e-03 5.586987270155586993e-02 2.668552569542668729e-01 6.525223950966525521e-01 9.075907590759075827e-01 9.814945780292314570e-01 9.990570485619990615e-01 1.000000000000000000e+00
1.074999999999999289e+01 6.007449237053946777e-04 4.325363450678841939e-03 5.947374744683407710e-02 2.714165565300973304e-01 6.348672353718610717e-01 8.841763787095998639e-01 9.807761624414274015e-01 9.983179142136249240e-01 1.000000000000000000e+00
1.084999999999999254e+01 3.813882532418001715e-04 3.686753114670734792e-03 6.064073226544622330e-02 2.565471650139842241e-01 6.089499110094075407e-01 8.607932875667428929e-01 9.719043986778540534e-01 9.993643529112636870e-01 1.000000000000000000e+00
1.094999999999999218e+01 1.413827230312455889e-04 4.241481690937367287e-03 7.040859606956030581e-02 2.670719638060228829e-01 5.865969178566379227e-01 8.413685847589424949e-01 9.779442952071256689e-01 9.994344691078750342e-01 1.000000000000000000e+00
1.104999999999999183e+01 1.976675232259339911e-04 1.047637873097450115e-02 9.072939316070369187e-02 3.202213876260130432e-01 6.034789484087764722e-01 8.501680173947420149e-01 9.843842656651512479e-01 9.994069974303222414e-01 1.000000000000000000e+00
1.114999999999999147e+01 4.222972972972973207e-04 2.998310810810810717e-02 1.794763513513513431e-01 4.885979729729729715e-01 7.297297297297297147e-01 9.265202702702702853e-01 9.945101351351350871e-01 1.000000000000000000e+00 1.000000000000000000e+00
1.124999999999999112e+01 1.041666666666666652e-03 8.125000000000000278e-02 3.468749999999999889e-01 7.552083333333333703e-01 8.979166666666666963e-01 9.749999999999999778e-01 9.979166666666666741e-01 1.000000000000000000e+00 1.000000000000000000e+00
1.134999999999999076e+01 2.364066193853427839e-03 2.080378250591016498e-01 5.579196217494090115e-01 9.527186761229314849e-01 9.834515366430259808e-01 9.976359338061465687e-01 1.000000000000000000e+00 1.000000000000000000e+00 1.000000000000000000e+00
1.144999999999999041e+01 1.398601398601398600e-02 1.958041958041958075e-01 7.622377622377621842e-01 9.860139860139860435e-01 1.000000000000000000e+00 1.000000000000000000e+00 1.000000000000000000e+00 1.000000000000000000e+00 1.000000000000000000e+00
1.154999999999999005e+01 7.142857142857142461e-02 3.333333333333333148e-01 8.333333333333333703e-01 1.000000000000000000e+00 1.000000000000000000e+00 1.000000000000000000e+00 1.000000000000000000e+00 1.000000000000000000e+00 1.000000000000000000e+00
1.164999999999998970e+01 7.142857142857142461e-02 3.571428571428571508e-01 9.285714285714286031e-01 1.000000000000000000e+00 1.000000000000000000e+00 1.000000000000000000e+00 1.000000000000000000e+00 1.000000000000000000e+00 1.000000000000000000e+00
1.174999999999998934e+01 1.428571428571428492e-01 4.285714285714285476e-01 1.000000000000000000e+00 1.000000000000000000e+00 1.000000000000000000e+00 1.000000000000000000e+00 1.000000000000000000e+00 1.000000000000000000e+00 1.000000000000000000e+00
1.184999999999998899e+01 6.666666666666666297e-01 1.000000000000000000e+00 1.000000000000000000e+00 1.000000000000000000e+00 1.000000000000000000e+00 1.000000000000000000e+00 1.000000000000000000e+00 1.000000000000000000e+00 1.000000000000000000e+00
1.194999999999998863e+01 -9.900000000000000000e+01 -9.900000000000000000e+01 -9.900000000000000000e+01 -9.900000000000000000e+01 -9.900000000000000000e+01 -9.900000000000000000e+01 -9.900000000000000000e+01 -9.900000000000000000e+01 -9.900000000000000000e+01
1.204999999999998828e+01 -9.900000000000000000e+01 -9.900000000000000000e+01 -9.900000000000000000e+01 -9.900000000000000000e+01 -9.900000000000000000e+01 -9.900000000000000000e+01 -9.900000000000000000e+01 -9.900000000000000000e+01 -9.900000000000000000e+01
1.214999999999998792e+01 -9.900000000000000000e+01 -9.900000000000000000e+01 -9.900000000000000000e+01 -9.900000000000000000e+01 -9.900000000000000000e+01 -9.900000000000000000e+01 -9.900000000000000000e+01 -9.900000000000000000e+01 -9.900000000000000000e+01
1.224999999999998757e+01 -9.900000000000000000e+01 -9.900000000000000000e+01 -9.900000000000000000e+01 -9.900000000000000000e+01 -9.900000000000000000e+01 -9.900000000000000000e+01 -9.900000000000000000e+01 -9.900000000000000000e+01 -9.900000000000000000e+01
1.234999999999998721e+01 -9.900000000000000000e+01 -9.900000000000000000e+01 -9.900000000000000000e+01 -9.900000000000000000e+01 -9.900000000000000000e+01 -9.900000000000000000e+01 -9.900000000000000000e+01 -9.900000000000000000e+01 -9.900000000000000000e+01
1.244999999999998685e+01 -9.900000000000000000e+01 -9.900000000000000000e+01 -9.900000000000000000e+01 -9.900000000000000000e+01 -9.900000000000000000e+01 -9.900000000000000000e+01 -9.900000000000000000e+01 -9.900000000000000000e+01 -9.900000000000000000e+01
1.254999999999998650e+01 -9.900000000000000000e+01 -9.900000000000000000e+01 -9.900000000000000000e+01 -9.900000000000000000e+01 -9.900000000000000000e+01 -9.900000000000000000e+01 -9.900000000000000000e+01 -9.900000000000000000e+01 -9.900000000000000000e+01
1.264999999999998614e+01 -9.900000000000000000e+01 -9.900000000000000000e+01 -9.900000000000000000e+01 -9.900000000000000000e+01 -9.900000000000000000e+01 -9.900000000000000000e+01 -9.900000000000000000e+01 -9.900000000000000000e+01 -9.900000000000000000e+01
1.274999999999998579e+01 -9.900000000000000000e+01 -9.900000000000000000e+01 -9.900000000000000000e+01 -9.900000000000000000e+01 -9.900000000000000000e+01 -9.900000000000000000e+01 -9.900000000000000000e+01 -9.900000000000000000e+01 -9.900000000000000000e+01
1.284999999999998543e+01 -9.900000000000000000e+01 -9.900000000000000000e+01 -9.900000000000000000e+01 -9.900000000000000000e+01 -9.900000000000000000e+01 -9.900000000000000000e+01 -9.900000000000000000e+01 -9.900000000000000000e+01 -9.900000000000000000e+01
1.294999999999998508e+01 -9.900000000000000000e+01 -9.900000000000000000e+01 -9.900000000000000000e+01 -9.900000000000000000e+01 -9.900000000000000000e+01 -9.900000000000000000e+01 -9.900000000000000000e+01 -9.900000000000000000e+01 -9.900000000000000000e+01
1.304999999999998472e+01 -9.900000000000000000e+01 -9.900000000000000000e+01 -9.900000000000000000e+01 -9.900000000000000000e+01 -9.900000000000000000e+01 -9.900000000000000000e+01 -9.900000000000000000e+01 -9.900000000000000000e+01 -9.900000000000000000e+01
1.314999999999998437e+01 -9.900000000000000000e+01 -9.900000000000000000e+01 -9.900000000000000000e+01 -9.900000000000000000e+01 -9.900000000000000000e+01 -9.900000000000000000e+01 -9.900000000000000000e+01 -9.900000000000000000e+01 -9.900000000000000000e+01
1.324999999999998401e+01 -9.900000000000000000e+01 -9.900000000000000000e+01 -9.900000000000000000e+01 -9.900000000000000000e+01 -9.900000000000000000e+01 -9.900000000000000000e+01 -9.900000000000000000e+01 -9.900000000000000000e+01 -9.900000000000000000e+01
1.334999999999998366e+01 -9.900000000000000000e+01 -9.900000000000000000e+01 -9.900000000000000000e+01 -9.900000000000000000e+01 -9.900000000000000000e+01 -9.900000000000000000e+01 -9.900000000000000000e+01 -9.900000000000000000e+01 -9.900000000000000000e+01
1.344999999999998330e+01 -9.900000000000000000e+01 -9.900000000000000000e+01 -9.900000000000000000e+01 -9.900000000000000000e+01 -9.900000000000000000e+01 -9.900000000000000000e+01 -9.900000000000000000e+01 -9.900000000000000000e+01 -9.900000000000000000e+01
1.354999999999998295e+01 -9.900000000000000000e+01 -9.900000000000000000e+01 -9.900000000000000000e+01 -9.900000000000000000e+01 -9.900000000000000000e+01 -9.900000000000000000e+01 -9.900000000000000000e+01 -9.900000000000000000e+01 -9.900000000000000000e+01
1.364999999999998259e+01 -9.900000000000000000e+01 -9.900000000000000000e+01 -9.900000000000000000e+01 -9.900000000000000000e+01 -9.900000000000000000e+01 -9.900000000000000000e+01 -9.900000000000000000e+01 -9.900000000000000000e+01 -9.900000000000000000e+01
1.374999999999998224e+01 -9.900000000000000000e+01 -9.900000000000000000e+01 -9.900000000000000000e+01 -9.900000000000000000e+01 -9.900000000000000000e+01 -9.900000000000000000e+01 -9.900000000000000000e+01 -9.900000000000000000e+01 -9.900000000000000000e+01
1.384999999999998188e+01 -9.900000000000000000e+01 -9.900000000000000000e+01 -9.900000000000000000e+01 -9.900000000000000000e+01 -9.900000000000000000e+01 -9.900000000000000000e+01 -9.900000000000000000e+01 -9.900000000000000000e+01 -9.900000000000000000e+01
1.394999999999998153e+01 -9.900000000000000000e+01 -9.900000000000000000e+01 -9.900000000000000000e+01 -9.900000000000000000e+01 -9.900000000000000000e+01 -9.900000000000000000e+01 -9.900000000000000000e+01 -9.900000000000000000e+01 -9.900000000000000000e+01
1.404999999999998117e+01 -9.900000000000000000e+01 -9.900000000000000000e+01 -9.900000000000000000e+01 -9.900000000000000000e+01 -9.900000000000000000e+01 -9.900000000000000000e+01 -9.900000000000000000e+01 -9.900000000000000000e+01 -9.900000000000000000e+01
1.414999999999998082e+01 -9.900000000000000000e+01 -9.900000000000000000e+01 -9.900000000000000000e+01 -9.900000000000000000e+01 -9.900000000000000000e+01 -9.900000000000000000e+01 -9.900000000000000000e+01 -9.900000000000000000e+01 -9.900000000000000000e+01
1.424999999999998046e+01 -9.900000000000000000e+01 -9.900000000000000000e+01 -9.900000000000000000e+01 -9.900000000000000000e+01 -9.900000000000000000e+01 -9.900000000000000000e+01 -9.900000000000000000e+01 -9.900000000000000000e+01 -9.900000000000000000e+01
1.434999999999998010e+01 -9.900000000000000000e+01 -9.900000000000000000e+01 -9.900000000000000000e+01 -9.900000000000000000e+01 -9.900000000000000000e+01 -9.900000000000000000e+01 -9.900000000000000000e+01 -9.900000000000000000e+01 -9.900000000000000000e+01
1.444999999999997975e+01 -9.900000000000000000e+01 -9.900000000000000000e+01 -9.900000000000000000e+01 -9.900000000000000000e+01 -9.900000000000000000e+01 -9.900000000000000000e+01 -9.900000000000000000e+01 -9.900000000000000000e+01 -9.900000000000000000e+01
1.454999999999997939e+01 -9.900000000000000000e+01 -9.900000000000000000e+01 -9.900000000000000000e+01 -9.900000000000000000e+01 -9.900000000000000000e+01 -9.900000000000000000e+01 -9.900000000000000000e+01 -9.900000000000000000e+01 -9.900000000000000000e+01
1.464999999999997904e+01 -9.900000000000000000e+01 -9.900000000000000000e+01 -9.900000000000000000e+01 -9.900000000000000000e+01 -9.900000000000000000e+01 -9.900000000000000000e+01 -9.900000000000000000e+01 -9.900000000000000000e+01 -9.900000000000000000e+01
1.474999999999997868e+01 -9.900000000000000000e+01 -9.900000000000000000e+01 -9.900000000000000000e+01 -9.900000000000000000e+01 -9.900000000000000000e+01 -9.900000000000000000e+01 -9.900000000000000000e+01 -9.900000000000000000e+01 -9.900000000000000000e+01
1.484999999999997833e+01 -9.900000000000000000e+01 -9.900000000000000000e+01 -9.900000000000000000e+01 -9.900000000000000000e+01 -9.900000000000000000e+01 -9.900000000000000000e+01 -9.900000000000000000e+01 -9.900000000000000000e+01 -9.900000000000000000e+01
1.494999999999997797e+01 -9.900000000000000000e+01 -9.900000000000000000e+01 -9.900000000000000000e+01 -9.900000000000000000e+01 -9.900000000000000000e+01 -9.900000000000000000e+01 -9.900000000000000000e+01 -9.900000000000000000e+01 -9.900000000000000000e+01
